$ANSIBLE_VAULT;1.1;AES256
37656536306631616230373839373036663336316665666534313761653632363162386235666663
3931356336353537333162623730633535616234343264370a623962386433346237303130656236
62386233653334326164393837666666313061623462633038316336666630613962623031656437
3664353932366165620a363064616662646439623234633435323839323138613531656366306331
35623735393237303536303430623465393739373633336262333063396536333165626131396431
64363434653930373436616434313735623361626230376562356433393531653965646162383030
37363137323762393433366538646231396463636335633631306333316332326131373130303631
32323334623034363465323832646461663537313164373432633432333233343136383639336534
35313261373261363537643533363662666331386236646538613235343166303764643765633963
30393737633730336130613566323435336532613765346166336564323365643539356365303037
31383236373264373562633532633731616264376266653439323838343834393231633439623134
66303265663435393933323661343732656634333962376135366537333661623233303034613536
65626365633066613837353265356563613739383566363937636466343034333061356664343530
32656261383939336639613835343731386437616466313363636236353362663235326137633432
36353435326133343231383561373431396665643332346530326635386239623934373033303264
37653365386237313136
