$ANSIBLE_VAULT;1.1;AES256
62303636653439396135376462623133643365306632653931636139376335613763363662636631
6665343134353438346363346438396131363535303130380a383166623063623133386332353464
38646234636464636336663562656666313634396633323966343961333264623965356139303066
6563646435356237640a363435316164323363383539356138363235633836636639373666623866
66666565663238373066333237386636326130626362656363353031646165313030313865383432
66346334623437376435393366353835643331313630346631646464353763626132666165353534
63336661643732353330363665376433633332613831336334613430653339303438303666316262
32633138316232393338663633363338383635373038323934323735313561306366393930396333
30663134393563313766376630623438333833623565656439316362303436623631613163613761
65653233623031383066656534393263353964363634653137646234316464393735333630656530
66623866336235393534323735326231373632663235383736343736393534616362343663323264
65313132393435336664636333346631363132303766376562303165623864383137646164343766
63316134363362323538376631323330373630313233323830393234656534363362643039326436
64393836393865303932343265643334323337356637656266363864313435656635323362313438
39333839646530633733326463613032316134643536346138313230636330303531653237363738
33326336653263643334633135323766616263373730306163303530343964353865646239643466
36313865633533663162623438616633323331323630633233356566353330326439316237353137
63646264386334323066633562373236643361653538376436353636363063383338306337643737
30663530306633366337376365636431356534366130653535323237613039623833383266343561
64373063656430326332336434353931383662636335336338363936653736356531313135623232
64386530353464313838396534333366623038376163663236663332633037356532326162666131
34393965663234323863646533633861646534303031623862393932373065646336643063643430
34303833343162313165626462633837623465353430393235313463626138616666393662356433
61366433316363656232343732363634363163333061316165626535346235633566326233363663
37323430613838366264633136663865306666626137323334313931393539663466
